$ANSIBLE_VAULT;1.1;AES256
39323530313733323261623939643031333666653739643936306533663966326265613132393832
3736303964386230616533366336653636323035363834610a663934323139656338386461393661
62343066376462353730333237663337326163653761323238643336643262393133666335653835
3166666334316537640a366234656363653138306365323030343737653737643962663831373266
32343765333066383962313838383338306236633036383732346539326435643538633561636430
38613739363731306137383735653565613533326331353830366366653062666161613065386330
62643830323862653562346435386135626533343436353232646530336663653138313137623366
65306561643632336561373238316532663666303739343965373663313936333433376239623530
31383862653933663866363939373834393263303533363930623833643531373466346435363162
64643833303439613531343061653631363038656230303639313964346635323765623965623939
35323339653661643831363038353530383839353235346563383966356339303766633734646232
31393831313962376665396666303239306231646438333466356337396262353139663533316235
66633364663936616439666332646366633831643038356463373237316237376663353337303336
64313238353230346530393337613632373435383732363431613534653038316533343461643237
35336364393034373464626664663237383233313139303235353163306661633330623130636430
39656334666264363366653862643632383935646135343663653466373830336334666631323863
34623231623031626664326339616430316636303162336264373932316231613563636235373038
31353264633731656365336164633939376665653735633938396330663064666534633735663330
62363561373664626562376561363138346534626162623333373361363332343862333437356163
37653738346666663532626239656332303035356332333163656564313836386161383239663562
38343261653037316433343965326434663836666634363263386163393337393437393161383266
66643266646163663862666537623935353835323566343564303236646633653265343663623938
34303335653037653331643261643338616161663261353334383465626237663939656163343064
62356163353238653738373133626565333462616663633264346165646335343061356662383564
36336332636533386461313062633733623635383861353139306664353536373065393762623562
37633638376132656335376363333562626364393563343632336266363865663533396264613534
31366363353836656165626532396365343964323738363334646434633238353761353334633932
32623139326163623661366433303066333737643762336661633564386264303961336464343461
65396137633236333639643534336537336637393339623238376366303266323735653334366263
31323134353932366665633464663438373466386463373463633330316361373932333530326666
65663633383764316364666230303435313335633637616463383237333832633037613138323166
64303034633535313862653735393666393030393163336230346337393330313765653035626131
37333065303638383339396435313764663631646362336131613266316164353464313565303364
30646330616363643030636333613166333766393531663366366464336465393930666333353465
30613363646666393464316566633731396231613563373266336636646539356662386463653761
35346434643534346338383439316239343263366430656535643264366436636631633035356432
30616233363038393834313730613863646131353563333836346436636161353763303237633631
61393661383663623565646535326365613233316535366139356166356266623864383063643533
65623864636561356134336431616162653335613634396663383863396661326230303237303766
65633565626332386465346638323332633135383938323038633833393231393762373430346237
37633637333231623838356562633061356130623832346430626632613630313231366465313634
31366535316632323239623835666337643961343534636236336362613765333165326330386537
39356535633331303138303137393062646336636639663635313764333939633633623537346638
39363833666665666534623363346139343661653338336435343665626463356466303837343838
37323036353931663432636333386164346464363761373034633166373133666231653264336639
61656239303130366234353263306638616661646466323738323139366364323734383064333164
66333061366265666638303935383064363461343035373935356165373662346135663437396230
66613439653339613561633064333239653764626237313361353431396231316638313734323832
37643732326339386363613439313566646661343362366334353566613435666233336536333631
37336634663834323736613332653965313161396561393337316665643934333665623939383233
61616666363130363635626132653532626533346361393236666334346461383064336532333536
30626265373633666261613962643038363835376662613761646537326461613063346434643561
32303530386533343861346435313833373433613539353732613730633934346633386439663233
61333564626163346330643264353931656438666439313863633462656432333764626564613435
64326165356532383339343435373734636531653335666231303835653131323662353765356334
38323731646365396163626637373261376364346139653662633765666139316362353564613261
31636631653262323938323630383437356265313466343264626437636137343132343961373435
33636466346238376430326434356631306337356234626339623435356236396462626463306133
66333833646264356634313434623866333535313963373539353637613834323266626461346439
64343338623430373862393062666633326230313535316364313238383634616165663236353531
38636562626531336663643139393163653936303864386530646436343565366434366461383135
65343236343762323064306462356262623538623665363535363138363132656462363866346535
61616237343964363065396264393333326635633137623664373536356566393435363138613966
39333632613765363763383034613633363538643563663039346538363662323665373833646333
31303561626336383337363333643164383265323930386334383037336665343063653032373263
38646361306561386632323139646566643236306365333131623865643236353238353330303035
61353030623131656164616239373836626136643264303164373966313664363236363166353764
33363339366266386263396135636233346634343633383865373530366238336561666164323532
61373238653065333639353634306462306365653762336433343438653133643530383032353566
35396434393466373130643138353332386166663363316638376334383135316236346638346235
33623635386363663032396563366132363232366364306564323234343334383962643638376564
39303234316261313939336363363834323861626330633335623935643962636538366232336366
35303331616338356235376338333032343365616236393038343035373639633462333761316234
36626332633466346536336236333038386661363533323635643130326464633536616539396363
66343634623932363536656134323862613263323364663639626435336236313463643336373263
63643930383734653237393435393734306138393034646266396231306461323364633963313162
30333932656534343535636662613036353464616436663736663365366331396662366261646534
36376365363062396564653862386330363332633336656436613036666233653264646663333338
32353539633664313235653866383532656363613862363831343261333764356235343534363138
66663066316139356136306531323432663435646330666330303730373130653535643066363465
64313431366165343033343232323239386430343031353930396634626135633364346333613164
65383535366333663030643964373435346438343762626635633164353833326236636532646534
38613433353064636333353534386665353636636565303933323666353962353836373861376162
64653233656165323930666466376261616165663863363565366362313362316365303637383166
35613135346332623337363139366162396639303830346639636136316536313464386163363663
32306563626233376435373162316263646463323335636238336437613930656136346165323936
61636362363538323862386666356135313666306137333461363732653364316337313730356133
62353865343332393563396238356239643833366235366162356534343363636361376636303130
33626334636137323139616666336463343139363138313330386663336436633465353966343731
66656639386237623130636530613534643537326135663661333131323737366339323733616133
37656663303862303637336662636537333036376439666661376231336634656635656538386132
35636334326263633462383930333630306363666337373766656161326632386363396361343935
63323164656636623263323766323066346231366338656661643761636162656135653131663637
32343664663031356530343131383262656664653838626166316130316365613461313735653464
37363765313936623331363462623932353236363762666434386666623431653565386134356333
36393336613632333965663262323434306662393962346335316537653465323339333437623666
35353332666133653933386335383931396434633162386134666563363539643637613062626666
37393936643263366663653762396263303062353734356537386132313030306238353336336632
38666266353465623965336562323831643766343831343261326633613739386463326636373865
32363832396465643961346331343861656330653261656565393964366466353864373836353137
64663634623031356262616430373366616331313861316236363331313538663031626163333462
38303233353430363863363338313364313032356230643364643134633161376136353231663835
63316432336462363837633736353064386635376166636138313461653136636238666539613331
64333730336139636636303833623633383065383435623964313764363831376561626331376162
36363661376264363264646662666433666635323738663363333937653763323231663435653331
32663961666666616433303931666230636436666632363032386335656338303065383031626431
33383663616665623364633537633965666437383535663835303037333331643664626366613563
33396263393461373232383330303832323438666130636362306137336466613436383931326538
34366230616537376631396366316630306339306435666237623137616438373235393336623864
32653132316166356366616638383662626234636439616638383538636138633866613638623261
32633730323762383034353130623835353666396163353761343361663131393766316531343036
37346235303663376538643365643436663931626239633330626538356636666663356364303239
35303865333131353561336333333763666132333464343837313937333863383463313935326330
34643365363661383663363636663732336336376430663833633164336562373963636431333534
37303639313730373536363939316231623763376363323836613236366432336136383032656332
31663563353865316434336433303062623035376466353431343537306637373466653636633832
63623662643431643735393766353435616366316438633463303038353030356162336631316634
65393764313135303730356464393432316138663438383236393663376264666161646363303836
66656462376135336435666130613062646437353035386437343130633862323437643537363634
37393633383630386534336538616535653636336230316663656431396663346663303433326234
32363230323734343336336664333130633065323265353631623035646166653233306332333030
32373531643430636563373536626637653131633731653166396235666431343463366466353237
38393534356366363039333866346230346135386335656533623461343262383333376663656466
66353736656161303637356365363338326438336236306163313761376631393036326537343463
31656134666130336633313432646138396263353232393032623134346265383364356634643031
35393064313561343333313763383165386365626634383232326239303131353539363963383566
33643030316134313836353861646464616339336465313439393937633031373937373235323664
65396637343161646433396638353761383836613031303432383132306263366339333837313365
61303732383030666636333230633464303135373165643763636336373930383164323331383536
33343464323439316165643836313633633931383630363339633262356464643738326336653736
65356538623737666662346339396133373539643866353935303635303135356132306339323364
33623733323330363530316366306463356438376131336336373066303664373733656330343030
66343333646135343738653432333665343064613963613338653235383539356634616437346565
33656231376138323734383332616233313966383238663037373065363935633936633335626263
32386361313030646535643239313863346466653436376561333662633438353438343065353233
65353432663237636562343335356331663439643130653366636538363630363134363933343862
35356530393632653030393634383238363966656335323537373132303365396433333963663236
34663130346234336562376136343461333765326135303333613833356430626338376261336637
38633262626361303366653164653765336139663734313563373638306332356530383934633664
63343963643931333832373830396233376466333638656533353966383166636439663531663961
35626534393930626336336530373439396335646465616334386639316161663162386333666361
66313033306561643333353165343732363164356337363433393534666433613533613230386435
65653235356336313633316334306166623939393937616634616165633033653132376462316238
34636361653335353934393739366136643539326131323936623939366632346161646533376235
34366531643262303862623730663336663832326135653934386461616365653535393033363862
38323330326233633537656665303439363235376331666631353664653538393562353935646638
63343433346132373065646637633833613031343966363065666666633936633235333530306135
62313064343731643061306564613862356437333937383939616666383661623061626237326564
30376439356435373562613832643763346531376430656330323637373235646437333133363031
66313763623266663535663761653865353733353563303232383662316365353930306332376561
39623465376361386539386364383864303132646165316663363138346639386639383635386535
35646535353331353031613834346164616538313533613532353038613731373864313762393236
34643231653030646662663032323262343038313836336562393466346535306535336137393965
34336431306361646432323065626334633234326337623936613064636238333436316130333338
30363461626133346132373833613861386265363633633164333731653462633639653833333362
35343862306563663139393166663733306537666532613239633963303061613866616634363531
38643761346562643437373633376362656431313265393437613838623733343039346365636561
37333066386362623163373631333430373739313361616139666330616537623534376565653262
33616637386630646562653066616230626334306636393362653335323237626162626639353466
34383164376536316636353730666163316265323631383639393939326664616138383265383066
65653762373261313265653337666461653335633732653830363530363032323265623738363839
65356366303436393632366636663432653039306638393062613861303835313831333730393163
65386633346634363761396431656564393537396433656630303930616363346438313665616430
37323961353362643039393665373333393533653465356562633632383163326265643736636431
61313564653734353535346237343366336638623863386362393964353564336338626163643761
36616131386430386635656239653334346664386334323239316134343364303936373635616132
64386335326235353762663934356165623231343861336561353730613165353362343065623462
34653838633734613766616462303936656162666638643633396632663564333861623734346566
63323038333633353465396638383436323136366261363136373764396337316264613561353761
66303831643336386335643761666166353062366331356238326238336531363530383836616164
36363562353230623835353238646162626538666633353031303863386133343231626332386561
39656134646334393963626262633634306265383565303735376362306331623463393431386563
31366531396436313938633132356562363431353137663262616661373335653062346638313539
61316639623261343165333166633261373732623733306233663531353537663064356165656631
30663933306463313462363630376165636532313336653432356238663864313465643463396435
66323438353166633635333862653666366131316636323763653330373836643465336361333138
35326533616134373364663932623734643030363438653633303838333839646636666562643664
33303036623362306432643638393234633934386362383563326530313063333436313866646533
30323738343532353861383932376234346266343066666332633838373535333231623738366239
33663064663538376231353939323065343637376339393561643362333038303364316336373130
37303537313164346166623637373362363965333439636633376338393732386264616339313664
31356365376435373931366162663237313031313561656233356236393537663566323937663139
31393532373566643431323461656231373565376362333764366634393638656464643338633762
37646230363562303337356361393065643636376665346162646130656134613938643236343130
66326661653338643063353063383031346339343636396232356664633237363432653335326665
64373836356463373631613563613530373535646261663138613965626430386630623034366132
36656663326236303638353738306665313238646266653937616664373034323034343635333964
66333533313965393161613332643239386265653433323831653662323034616436343264633736
33643639333933653663346561656435383533346532316431626336326431646162343462313765
31346634353764303164663832323231343465643666396661363038383337663435386339616465
39313061643437333564303333363065373830346634376230346233626537613237343766313034
32323339363133313330306663316232356635366463346336643131336663323162643235643439
37386562623335393534303065383463316534653866313761663734313633663961343037326665
37643466653034663765633732653638373964313930663866336461373566643138313566316566
30643232646439376262353736663539376562313130383935326136363335633866636136646364
66636366316438623265353833356663343135646661663639386534393761393630363035393333
65323130616465336230643136656133656239363933623134303333616133633736653837386331
31323239613039373232346138623834653138646530363364343364623834653638633134653735
38393531373362323335613038626534323766663130366233366461623734626431363232653663
31336166363634343665306138323463616662613137613831663835393132643834616530636537
30383063343935353838323762666661363263326162336633353332306534346432326562303861
33323931363439326436333539306533623130373530336663636134383530356163323333616637
34633462393438363639623835396132376662613136376461396636373532646435313261346666
34313130663064376134613730646336343532383739303262363939336265303863373033633963
62623133343734303063343136353165356136633966376233626333353738333832666664646235
65326335356338356538633431636565666531393564343030633438663232373365376535646363
64356461346134663838646630663061636663376532666633363332356436343035633433386262
65326638633335303561633262386632616363666531343636663432643562343838643439633837
35343437383638376366626461316134633733383165336561663561316136613436393464393439
62363732666531613830656336646639306637626364316565316632363438313865646465353066
32623935356330306432353130626463616337333139326264303761383862316630393330346566
35376230346338613133643731393936303437656137633230666538376663313364383565633836
34623765396431656532373133613137616133313532616563343335613861393134333734383935
34353764343334653638383064633837316564396434643766623235396133343139323961343634
65656366613337633635306538313130613437633436323165373437313439636338303230356534
30663636623831663163326566356438323230306464376363333230373431663663616164383430
32366130326135653335393537643237366435303163623535373836623434363066333164386433
31613832626665336364373666646332653430636638653235616461356235316561353532653139
65356332613035373136613439626262376333616164313163663237353632363264373034643061
38616432653139343231343761326236623333633462646330616363656631333930633662623663
36316135613531363532366161366164386364303764393632646636623939333634633332396537
62333136623365326363663831633031633061663138323865383030633263646165326335303730
36366532653263313461663634666537326163643365356666343333646636313338313232666464
65353937663636383463313233313066313839346362643939623738313932393365303361363562
30333331343939633830313034396564633666373033646636633631646135326565646231633062
31626432316139373534393434636664633239613639373837313438646633646132383437316138
36663734336430396536383734646231393962363938656335346138303631626133393764326363
36343239666630353434303039306466323733626261343364316265653336306361346264393834
32313131376134626634316432653633383963313566336333353166626666623134326663343064
61623262373961383463373435343339653164353934666664366535373064336630393937373930
30663566356439353862343166663734613934613938316562346635333639656638633732326438
35643663643437343064316631613636336437613333303131313236346537326234373538306235
38396461646461386330303737316463393663336134373663643537316439623962393438363733
33646562323237653332353939353637323636323338393930313837323539306532316266346665
38373466323766663462653965386532623965323164383264636430663561613036303030616536
62633230383531343561656632373730663738363636376436383366633264346333376134393232
64383832343135626262383862336137353133393136393238373866396235666437383930343134
36386332346165313333363731393333636562613836303834356336363563373332376666623135
32326236306664316533363264333736396563616139383565613433326633303562396235313735
32666265303932386362316362363065643665323434613934333233626165323566393939313531
35306163363838323739633032623735363735383235373265356438646432353231356237623334
31623365393231663964656362393666623331653365383434376335373464386439343638323535
65626433366164666663383163346233633264663666373830666232303264303834633338373930
65363235623830666663633364376463396231663133396430613265376535313037353932653665
65393535376463333238383832366264386266316233323833366639333634633831303631393833
33346537656466303432343935366335643034376135306633326235393064313363353337616465
37663730643564386239323238386463643135656164363735336631303961363865636131623232
62383331326332613930336634313632313535336631323466333634356363623936326139323964
65333037313537313662303638636133346630373139316634623738623662366430653531643461
65336561333461393761626566666262633036663831303638336639623331646265323632316534
33643561663732333036303534643035346563303730376237383261373032646262666666366630
39666361393061363466346232393366663035323638396334343361376435343935663736376433
36333461666636623664316137393065383436633438383465373832333438333265303432303361
62303366323634643261323737396537386136323333633331633637613135646534323432306663
38303464646465356434623236623966643030663733326232636263366266353934623463623738
65313461316238636434633735316638356139393165326163393932633463633465626232313736
32333135663766303834363138666436633235343238393930633639613366356430383033333035
61643735373763663236666466363930616262346465626661306665633261326430653061313439
39653337343130636264383539346563393663373934623237336631363330396334313231356265
32353137656662613233633465383836383337366137303364313833303338366535383830323334
37616233323037393363633839323233383365323836383738666166326531643237623962356639
61623534363563373566373163643063633534323664376337616232356265633238313836636133
37383733316639626364613765353036383262643033316339633237613366656666616363613330
64303435363462366433326166313633613434333161653564323363383962333537653534356436
30396530333934393337396139373034623766396664383030333939626438393861353166616535
39613432346537623062393231363436326439623166646666346536343765333738396363303034
38656539613063666232333935376563633237346437653530616664656438343833633932323033
35653665383739613132613030343131323836373830393833643465636166323764653532663365
65376136343938633364356437623831643637313030383462306431636161343830623666323938
31316164373934373064383639313562616263316466303331616430336330633332656665333162
37323030653336626338316165626133613635333331633939396365303034306166303939366563
36393930633733323139353137336433333038613163343831376330326430313264353139366536
61653733666663333433393663343633316566623965303333646137396435383830663634306135
35633734323034663636363033316363663539313736663035636232636561333839656164306265
32383361633132353030383462663462316237636239356464633530373736323562346330386162
65623133326666396232656435313863623932346630323237393331393838373361633639373162
37363030626634643334316662636665303534353430623737323634396138353562316530653135
65643964326336383064333639636237333765636233386337633264373066356634653262363063
39333133363337373830353562316331666565306562393665613861383562616430306332663738
35353633313737666130383265363539613531333532316634393836633764643065633139363463
63626363663866383965333765623730663634353966346163633336626264366237373464303136
64663264623766363539353037613535653334393834333131653831643239373363646366373864
64393031383035396238313363363464363332356665613661303035653736656562396632313263
33373230336638393338316133663330316663633631396332626635393963356166323339383730
38623130303033393235623464393937373163323662353462356566336239323536643734396432
37376462623334653161616139396339376338613536316632303432666532613336626631623465
32646439326638303937636233663366616563613833303635616339633633316635613833343434
33366566333264336162616166613636363132383435613532663730323131653330366239623865
64336561653739613533636339623937363735663339343130306236303539616432653132653865
61326261313139333432643439623963636138316634306162373534333539316565666464626564
32623563323562316331383532633833363733633734616138616330343063613231366635373530
35653363646665653833383036643532326233646465646137643662373063653962353333383738
64333666386633653163666562643032633135393764666539646362623237326333653134386161
34613964666465646365623464333563626261323366343435633764653232363734363866313634
37353962613062303637313863653162316666326466663266666334346366623466353931643636
62333339616237393134633237376166363464306630376639303833363634626430646163346336
63386639373833643333393766383038373839386632306133653761316431356132366334383563
39343939303833623465353736646165333437616239386563666239313631323735326437356266
36323461653733313935383431336664396266363066383537313166343161616535333265393861
33316435663662313731316337303733653865396462393237613235643432613362366338323035
31623339623138656537666130343863636562313431346266643465363539316364386536663538
63333531336336636364613436323930326230363935356331386231663438326138646433393263
61356264333762646531636236306430333034383937353136623832323237666132353333346362
65343161346437613439646663396335396666363734663234326330633435313537346632633130
65653762363630366664393165313737363537313837333363353030303762383865656365323231
61306438363430616435326661363537636339316462313238636230616634616166396662643933
62653632326637383532313865353864386362383439306339393361346532393930383036303034
36616435626333393935613033356436393662303030313038666366623637396535393939323664
37396134646231303563643037323335393336326263326539343634326131303934653936626130
37373030353461646235626165333034356438656563623964623334643065613235613539613366
64383466626661303234363461353433653762326566396431346139373831383539656138323664
30313530333039613266353133306133663663643361383735663263623831333165306661396636
36656632613137333563323264343332373639343161313436333235303839633961613636363430
39363136656261616565666530376431646135666137633532333063333232633533363433626532
39393933613932313938646465333237653265343631616435626163653639633139396339336565
66336466333565633531393031396133396435326666356535373038393936376338383336663666
30343465393336623635376234623664333131643463623865303430356238666330643830323563
34613138366565316365303934353934343038663538653563306436383661323436636461646336
36393032623766333061363531626331356266306464353836316433386136653162376564353763
30356538313330613932653133643638376664383834653164646232633232323133636161306334
36313862656566336534336237613131363661386533326233636230363532656332383764633862
62656331616439643735643766333331366362333336343837346163653938373063346537643964
66333138663265383535653437613134336564633930353561366636383934646236363462336137
35666335333061633864323230313839656339373662316433643738643231353435656233356433
31343163636665346666313665373664346366643363386261306638653763636532653732333964
37306233343966663264653035633262306231616536326166313134323665383330616235353135
39303434353134313465623238343532646431316631316533336236386333656363383461383138
31373437626562303637323238373731656230653866383832633631326165323266316266343135
31363834333331616663366336363864663132613564336530353936623030663061356266653932
37666633306138363163623332393266386461653539653933383434376161363130663363313338
65663737613639383037316235326163613335613431343437386637633762306464636138306335
61623333353065373639356233663263323436666336626365336362303537323665313762636538
39306264333531396235383662336132303764356366346232383665356230623563336539306331
31396266393932396339393761326164616534656132336333363461616437313837336163666237
36333531303230353863383133373332643033356662356430353637316466663961666431303566
39616464613232313239643232356164396434656233393939656363373364623961653636363531
37316463356166333536626362626336643332353936613136623163623439383834323865323838
33356361653039303739323465396461376136613064626462326461386633616262623265363332
32396232336661623539376333613061343663343939386635616234303736376564316234353334
61396231626433646534663132373639386530353864663635323863663463613538333532393266
31633563396364656138303233386136643139393565326534613732343332613066663630616632
61626163646634353665653036356363383933343261313463356464613966303935626131643166
39613736333131653063383139323035613066383734643637656636363366393363313835346266
65353534643933373433316564616565323334623533396265623835343432366632306135633362
39613533313933313636376565633163306135393932353061633363396163623334663363303135
64323063386161373530663738663238313630363239313836623432313465306666613064333763
62646666336435663832626464353463323265363264363566613730313766363964643662643336
31363061336263323463376436346465303430393935373335393664376564383935313731613939
61666237636534333635373261346538666333313136616430663762613931366161393831653362
36383962323664376639343363313232333438653337633334646332326261653334336266386535
62656638656637623065313139326163386566303038613864353138353037643138353734306262
63313633356161313166393436643332373933376232323538363235623438303964383666343964
32356361316331623265343131313137643663363865333136316361636337346561616666316536
62623332343036343536363330313033656431613862316366356137663936663238636232643631
66613730323834303038373862366537393633616465366363396431616264383566646134346666
63333662623733653632646365303362643139303364656331396361306133386438366265396436
33653938393138663332353537393238333835333661653765613066616138633131636434366535
30396231386163393135333134336638393834303439323766363537383365363538653666346162
65646465653536346664613930626539313632373231636539366362353066626564653462616534
39643661353039616134303836316164653832396135383836366139643532393864663836353565
63636235343230313263613532663333343333396366383236303262616434656264393134383665
30353532616331386534623062326333336330616638326164363661363430636535643761663335
32353430383862396336663831353932646431633531343832336430326139356365633234623763
31356565363432613639636665643861323663396130653332393531396339393134373136353130
63333964343135393163376330373265316539333435303330666432636134346233386265666431
32383865656432343162653835653635336333346236656363646132303732626365373232396539
66626533353139636361383431353261343863316333353135653532633334396431303166393134
64326239653436613032323233623136633031383133333633643131316134623232663932336634
61643034333533353535616266613939353164373763663735326264373966653839656364616132
37623037323130366564346361313834663561313364323036653163336334303566336335323566
61303736306336653064303864303634396263623061303235613331356133323532653964636634
35316434396565363538316265343566376435353937306335303435666433663732316436316566
32346232656636343831323765643065363037656131656632383163633437306332626662396632
63663363313432353961323165623433353635396433666631323435623139613236613035663861
35346464666232656339633030613237303064343534613931653062663937313832613261653263
62343662323734363066663538333439393366303863623535663430616638306161393065396234
33353432643536613738343334353164333665323862363838353539346132303534393437333438
66356564613962363363623566376534636666616263323833303934663733393263323338326565
31646138316566643238323664383938353637303632343032616165376337323530333265313631
36616632643736633964383761343333323162663334633838306534646161333336313734626462
38643562316666633235366330323734356537633863386534373565616665646635633661666537
61383736616365353630343531366639323130653565663762393365383534396561383231393062
66316365363432636131383036383237336462613536653134633763386434653435343434623733
64373164663631663166663562363138666433356431363961323138353966616339653431613138
33663763356430316565613438656230366334653034303633313664396564613661633862333732
35633761643966646461306236363965373833343061616562393534373732393432616236363633
62336136333661623465366336366365306138316230663763353966646336666335343362356436
32313038343734383337313238643166636366323539636264623364383239303430663036633366
34663661366166316164313934366338313632623839383366646163656661373033383665363931
31613765656264326139323631666334376432333164636663663438663638393433313162303430
61643462623934366639653935353461663736393031376165623330613439333466306566646131
33636465396439623535343432636333666134656134663338313832386262646264383762646662
33363038616636636639343339356239653863363330623734363935653932653963383731376235
35393031633562313532313464373938306437396166363739326162383264616132356437383438
37393336656132333731356166656138313837643362346665363439343939633435343561383861
34643239346336313863353930376231646663326234313863353739666530373133393734313239
63646639656332326265623765343738363832396666356437613763323764653639303237646366
38386538653434353765386436393930326338643665633336393064643965333365616466323038
31366639343338313237643231303738613865653362393662393931656338636634316536326264
39396136653764356262613762353965343232613135656233376638616639636436653435343634
35393163353633346466383530353662623638363564336134363639613565376330393230333637
61343435613136333937313761616435623266643266636333366663313732633639396661663735
63616664613631653938373630306437336332303238323065666236333865313039343830306235
61313238623633386235616137363534653138343530326231386266356631643533623066333131
34393662656337343163643331633338336238643936663739306439653764333632363433333335
35633562653763393562656338313039663839313866323731663664666634386530663664303930
37326237316439346364616337623431343464393738353966623137633930313837376334343030
61393236613430306636393739316539333966343839623866373338363438643065393631616161
37393133366132386364316463396332636639616133613639663834363835313966386466376438
35343130636466633038323862393462623234373935353733343339666565346561333232323064
38323130656639393839366231616335303432656565306265616565333464313538393135633664
65343536326664353162383738353064336635363632306636383764366230666131636331646531
61336634653131336566326361643736616238343266643663356139356662363863666564633864
62643633373830646163376635363966636461646535343438613564323533363462616132373835
65363464303237376662663337306361663438383261633639356266663734613833336638363965
32353534666633376666623730366434303730343337326630306130346662373166323065636130
34653435613362386134396436623335333866333365363532323733653638633432343562386462
66613834633434623234333435663731383736343931663137303537396635643563336132306233
31623835643031316236623936636332663932633230616265666332613463356438663531636136
62353665643532346232313535386461316639363030353362333064303965656363343437323430
39636161373265386336633664623961386235386333346261356139623562396336653463346536
37643034376135343037303761336561636531646363356431333663656537656431316230626432
30326133383930366436313630343534303161633436636264353636326333373031396166356566
31373762306432353564323531313066336161346666363036636564323836616262373935363139
65376236633662623163613936653161363464356430366433633366613463316239663638346265
3166636438663263393432383233303966353635353165376637
